nsites = [4, 4, 1, 4]
nqubits0 = [1, 1, 1, 1]
h = [0.06, 0.18, 1.0, 0.18]
nlayers = [1, 4, 1, 4]

changes = Time vs nsites = 4 vs nqubits0 = 1 vs h = 0.06 vs nlayers = 1
iter = 1000000000
method = 1


p1_i = [0.001, 0.000, 0.000, 0.001]
p1_f = [1.000, 0.000, 0.000, 0.033]
idea = [     , 0.000,      ,      ]
g_converged = true
min_loss = 5.397005697904689e-7
iterations 67/1000000000
h = 0.06
nlayers = 1
SvN = 3.2712639605332464e-5
time = 0.3016698 s
